[ 1.14887750e-05 -2.48808045e-19 -3.07884966e-05 -7.47426885e-05
 -1.10913195e-04 -1.08233872e-04 -3.94149799e-05  9.99921791e-05
  2.76253391e-04  4.16419537e-04  4.28576452e-04  2.41502320e-04
 -1.49281349e-04 -6.50393206e-04 -1.07594915e-03 -1.20028097e-03
 -8.49284790e-04 -5.69354004e-18  1.15576824e-03  2.22495735e-03
  2.72188418e-03  2.25187894e-03  7.10206435e-04 -1.58687753e-03
 -3.91477600e-03 -5.33030023e-03 -5.00443062e-03 -2.59478898e-03
  1.48725285e-03  6.05054077e-03  9.40732155e-03  9.92371624e-03
  6.67923121e-03 -3.13069661e-17 -8.36935896e-03 -1.55990215e-02
 -1.85930517e-02 -1.50904668e-02 -4.70447827e-03  1.04806429e-02
  2.60411302e-02  3.61507296e-02  3.51369087e-02  1.92389199e-02
 -1.19650387e-02 -5.49435887e-02 -1.02679253e-01 -1.46168247e-01
 -1.76582542e-01  8.12510206e-01 -1.76582542e-01 -1.46168247e-01
 -1.02679253e-01 -5.49435887e-02 -1.19650387e-02  1.92389199e-02
  3.51369087e-02  3.61507296e-02  2.60411302e-02  1.04806429e-02
 -4.70447827e-03 -1.50904668e-02 -1.85930517e-02 -1.55990215e-02
 -8.36935896e-03 -3.13069661e-17  6.67923121e-03  9.92371624e-03
  9.40732155e-03  6.05054077e-03  1.48725285e-03 -2.59478898e-03
 -5.00443062e-03 -5.33030023e-03 -3.91477600e-03 -1.58687753e-03
  7.10206435e-04  2.25187894e-03  2.72188418e-03  2.22495735e-03
  1.15576824e-03 -5.69354004e-18 -8.49284790e-04 -1.20028097e-03
 -1.07594915e-03 -6.50393206e-04 -1.49281349e-04  2.41502320e-04
  4.28576452e-04  4.16419537e-04  2.76253391e-04  9.99921791e-05
 -3.94149799e-05 -1.08233872e-04 -1.10913195e-04 -7.47426885e-05
 -3.07884966e-05 -2.48808045e-19  1.14887750e-05]